% Intrinsic and Extrinsic Camera Parameters
%
% This script file can be directly executed under Matlab to recover the camera intrinsic and extrinsic parameters.
% IMPORTANT: This file contains neither the structure of the calibration objects nor the image coordinates of the calibration points.
%            All those complementary variables are saved in the complete matlab data file Calib_Results.mat.
% For more information regarding the calibration model visit http://www.vision.caltech.edu/bouguetj/calib_doc/


%-- Focal length:
fc = [ 1908.720733560425515 ; 1929.008015896509733 ];

%-- Principal point:
cc = [ 819.218027593135389 ; 791.375765126475926 ];

%-- Skew coefficient:
alpha_c = 0.000000000000000;

%-- Distortion coefficients:
kc = [ -0.071333287160075 ; 0.162661514768362 ; 0.020995292440516 ; -0.004412775907205 ; 0.000000000000000 ];

%-- Focal length uncertainty:
fc_error = [ 42.248691589552649 ; 44.036140856139198 ];

%-- Principal point uncertainty:
cc_error = [ 23.025059301933688 ; 24.876659769212136 ];

%-- Skew coefficient uncertainty:
alpha_c_error = 0.000000000000000;

%-- Distortion coefficients uncertainty:
kc_error = [ 0.022775051129417 ; 0.107234889549730 ; 0.003365239982641 ; 0.002519212592766 ; 0.000000000000000 ];

%-- Image size:
nx = 1624;
ny = 1224;


%-- Various other variables (may be ignored if you do not use the Matlab Calibration Toolbox):
%-- Those variables are used to control which intrinsic parameters should be optimized

n_ima = 25;						% Number of calibration images
est_fc = [ 1 ; 1 ];					% Estimation indicator of the two focal variables
est_aspect_ratio = 1;				% Estimation indicator of the aspect ratio fc(2)/fc(1)
center_optim = 1;					% Estimation indicator of the principal point
est_alpha = 0;						% Estimation indicator of the skew coefficient
est_dist = [ 1 ; 1 ; 1 ; 1 ; 0 ];	% Estimation indicator of the distortion coefficients


%-- Extrinsic parameters:
%-- The rotation (omc_kk) and the translation (Tc_kk) vectors for every calibration image and their uncertainties

%-- Image #1:
omc_1 = [ -2.042399e+00 ; -2.002024e+00 ; -1.856359e-01 ];
Tc_1  = [ 1.904000e+02 ; -7.894545e+02 ; 3.695912e+03 ];
omc_error_1 = [ 4.152463e-02 ; 4.159418e-02 ; 8.173297e-02 ];
Tc_error_1  = [ 4.550465e+01 ; 4.852829e+01 ; 8.314147e+01 ];

%-- Image #2:
omc_2 = [ 2.180155e+00 ; 2.189351e+00 ; 4.608149e-01 ];
Tc_2  = [ -1.858362e+02 ; -4.563695e+02 ; 2.165415e+03 ];
omc_error_2 = [ 1.578382e-02 ; 1.723007e-02 ; 3.004179e-02 ];
Tc_error_2  = [ 2.657877e+01 ; 2.824889e+01 ; 4.886387e+01 ];

%-- Image #3:
omc_3 = [ -1.836750e+00 ; -1.965508e+00 ; 2.214491e-01 ];
Tc_3  = [ 3.159953e+02 ; -4.324375e+02 ; 2.053744e+03 ];
omc_error_3 = [ 1.324980e-02 ; 1.479298e-02 ; 2.630856e-02 ];
Tc_error_3  = [ 2.588299e+01 ; 2.693255e+01 ; 4.448576e+01 ];

%-- Image #4:
omc_4 = [ -2.150263e+00 ; -2.156824e+00 ; -4.283071e-01 ];
Tc_4  = [ -1.385503e+02 ; -3.789580e+02 ; 1.872451e+03 ];
omc_error_4 = [ 1.570545e-02 ; 1.623561e-02 ; 2.670814e-02 ];
Tc_error_4  = [ 2.301938e+01 ; 2.433572e+01 ; 4.176116e+01 ];

%-- Image #5:
omc_5 = [ -2.047735e+00 ; -2.007063e+00 ; -1.510302e-01 ];
Tc_5  = [ -3.138933e+01 ; -3.297415e+02 ; 1.812974e+03 ];
omc_error_5 = [ 1.424265e-02 ; 1.555146e-02 ; 2.805489e-02 ];
Tc_error_5  = [ 2.216343e+01 ; 2.359933e+01 ; 3.983220e+01 ];

%-- Image #6:
omc_6 = [ -2.001543e+00 ; -1.971352e+00 ; -9.694646e-02 ];
Tc_6  = [ -7.000830e+00 ; -3.041622e+02 ; 1.708781e+03 ];
omc_error_6 = [ 1.152052e-02 ; 1.276263e-02 ; 2.247427e-02 ];
Tc_error_6  = [ 2.089845e+01 ; 2.223712e+01 ; 3.738131e+01 ];

%-- Image #7:
omc_7 = [ -1.776433e+00 ; -1.732555e+00 ; -3.526078e-01 ];
Tc_7  = [ -3.878578e+01 ; -3.145138e+02 ; 1.650936e+03 ];
omc_error_7 = [ 8.479853e-03 ; 1.066473e-02 ; 1.326176e-02 ];
Tc_error_7  = [ 2.025034e+01 ; 2.151682e+01 ; 3.633079e+01 ];

%-- Image #8:
omc_8 = [ -2.079844e+00 ; -2.285405e+00 ; 3.896446e-01 ];
Tc_8  = [ -1.587507e+02 ; -3.563444e+02 ; 1.643439e+03 ];
omc_error_8 = [ 1.266007e-02 ; 8.338910e-03 ; 2.076901e-02 ];
Tc_error_8  = [ 2.021759e+01 ; 2.123677e+01 ; 3.484935e+01 ];

%-- Image #9:
omc_9 = [ -1.938750e+00 ; -1.907286e+00 ; 1.019818e-02 ];
Tc_9  = [ -1.170224e+02 ; -2.733675e+02 ; 1.443658e+03 ];
omc_error_9 = [ 9.499901e-03 ; 8.910445e-03 ; 1.572557e-02 ];
Tc_error_9  = [ 1.759383e+01 ; 1.872788e+01 ; 3.094224e+01 ];

%-- Image #10:
omc_10 = [ -2.100984e+00 ; -2.059128e+00 ; -2.169689e-01 ];
Tc_10  = [ -3.516423e+02 ; -2.250849e+02 ; 1.401825e+03 ];
omc_error_10 = [ 1.111047e-02 ; 1.059703e-02 ; 1.964717e-02 ];
Tc_error_10  = [ 1.704382e+01 ; 1.834692e+01 ; 3.115229e+01 ];

%-- Image #11:
omc_11 = [ -2.164383e+00 ; -2.086625e+00 ; -3.845249e-01 ];
Tc_11  = [ -4.219780e+02 ; -1.738190e+02 ; 1.200261e+03 ];
omc_error_11 = [ 1.195529e-02 ; 1.131926e-02 ; 1.979862e-02 ];
Tc_error_11  = [ 1.482200e+01 ; 1.581730e+01 ; 2.702047e+01 ];

%-- Image #12:
omc_12 = [ -1.965025e+00 ; -1.968744e+00 ; 3.742378e-02 ];
Tc_12  = [ 1.768680e+02 ; -7.555114e+02 ; 3.560150e+03 ];
omc_error_12 = [ 2.343481e-02 ; 2.397418e-02 ; 4.630531e-02 ];
Tc_error_12  = [ 4.403816e+01 ; 4.660099e+01 ; 7.818678e+01 ];

%-- Image #13:
omc_13 = [ -2.007210e+00 ; -1.957112e+00 ; -4.653450e-01 ];
Tc_13  = [ -3.935415e+02 ; -1.621132e+02 ; 1.180154e+03 ];
omc_error_13 = [ 1.015491e-02 ; 1.182213e-02 ; 1.415690e-02 ];
Tc_error_13  = [ 1.443258e+01 ; 1.551880e+01 ; 2.689379e+01 ];

%-- Image #14:
omc_14 = [ -2.192083e+00 ; -2.184291e+00 ; 9.658247e-02 ];
Tc_14  = [ -2.469434e+02 ; -1.777114e+02 ; 1.172419e+03 ];
omc_error_14 = [ 1.029908e-02 ; 8.433234e-03 ; 2.118019e-02 ];
Tc_error_14  = [ 1.421769e+01 ; 1.519501e+01 ; 2.572175e+01 ];

%-- Image #15:
omc_15 = [ -1.901946e+00 ; -1.856436e+00 ; -3.427128e-01 ];
Tc_15  = [ -3.293101e+02 ; -1.212379e+02 ; 1.023419e+03 ];
omc_error_15 = [ 9.926109e-03 ; 1.135522e-02 ; 1.244403e-02 ];
Tc_error_15  = [ 1.236501e+01 ; 1.341739e+01 ; 2.326145e+01 ];

%-- Image #16:
omc_16 = [ -2.114297e+00 ; -2.112449e+00 ; -1.034001e-01 ];
Tc_16  = [ -3.619751e+02 ; -1.945537e+02 ; 1.002686e+03 ];
omc_error_16 = [ 9.847839e-03 ; 8.244460e-03 ; 1.710326e-02 ];
Tc_error_16  = [ 1.217736e+01 ; 1.326778e+01 ; 2.291662e+01 ];

%-- Image #17:
omc_17 = [ 2.191755e+00 ; 2.085659e+00 ; 5.752498e-02 ];
Tc_17  = [ -4.524741e+02 ; -2.139095e+02 ; 1.336650e+03 ];
omc_error_17 = [ 1.026534e-02 ; 1.299524e-02 ; 2.440851e-02 ];
Tc_error_17  = [ 1.639765e+01 ; 1.755527e+01 ; 3.011673e+01 ];

%-- Image #18:
omc_18 = [ -2.028308e+00 ; -2.160349e+00 ; 4.312051e-01 ];
Tc_18  = [ -6.387895e+01 ; -2.719632e+02 ; 1.561639e+03 ];
omc_error_18 = [ 1.174429e-02 ; 8.277070e-03 ; 2.036326e-02 ];
Tc_error_18  = [ 1.909964e+01 ; 2.009681e+01 ; 3.269043e+01 ];

%-- Image #19:
omc_19 = [ -1.798481e+00 ; -1.842570e+00 ; -1.841925e-01 ];
Tc_19  = [ 2.866776e+02 ; -7.554552e+02 ; 3.347245e+03 ];
omc_error_19 = [ 1.305581e-02 ; 1.562727e-02 ; 2.496093e-02 ];
Tc_error_19  = [ 4.162623e+01 ; 4.405223e+01 ; 7.399272e+01 ];

%-- Image #20:
omc_20 = [ -1.796914e+00 ; -1.991792e+00 ; 2.107599e-01 ];
Tc_20  = [ 3.688797e+02 ; -7.373382e+02 ; 3.062356e+03 ];
omc_error_20 = [ 1.516984e-02 ; 1.638698e-02 ; 2.957601e-02 ];
Tc_error_20  = [ 3.838611e+01 ; 4.028341e+01 ; 6.732796e+01 ];

%-- Image #21:
omc_21 = [ -1.840046e+00 ; -1.897209e+00 ; -4.177486e-01 ];
Tc_21  = [ 7.476431e+01 ; -7.013119e+02 ; 3.025890e+03 ];
omc_error_21 = [ 1.240390e-02 ; 1.510780e-02 ; 2.310576e-02 ];
Tc_error_21  = [ 3.739618e+01 ; 3.976078e+01 ; 6.735812e+01 ];

%-- Image #22:
omc_22 = [ -2.089364e+00 ; -2.248722e+00 ; 3.831074e-01 ];
Tc_22  = [ 7.416599e+00 ; -6.315750e+02 ; 2.855722e+03 ];
omc_error_22 = [ 1.567301e-02 ; 1.105985e-02 ; 2.695272e-02 ];
Tc_error_22  = [ 3.520197e+01 ; 3.715711e+01 ; 6.170218e+01 ];

%-- Image #23:
omc_23 = [ -1.780642e+00 ; -1.870224e+00 ; 1.804530e-01 ];
Tc_23  = [ 3.156947e+02 ; -6.211690e+02 ; 2.832257e+03 ];
omc_error_23 = [ 1.225080e-02 ; 1.299060e-02 ; 2.242301e-02 ];
Tc_error_23  = [ 3.537552e+01 ; 3.710300e+01 ; 6.142028e+01 ];

%-- Image #24:
